<?xml version="1.0" encoding="UTF-8" standalone="no"?>
<!DOCTYPE svg PUBLIC "-//W3C//DTD SVG 20010904//EN"
              "http://www.w3.org/TR/2001/REC-SVG-20010904/DTD/svg10.dtd">

<svg xmlns="http://www.w3.org/2000/svg"
     width="5.32497in" height="5.12478in"
     viewBox="0 0 798 768">
  <path id="Guanacaste"
        fill="none" stroke="black" stroke-width="1"
        d="M 173.00,43.56
           C 173.00,43.56 176.25,45.94 176.25,45.94
             176.25,45.94 173.88,49.56 173.88,49.56
             173.88,49.56 169.25,49.94 169.25,49.94
             169.25,49.94 165.33,54.67 165.33,54.67
             165.33,54.67 160.67,59.33 160.67,59.33
             160.67,59.33 155.33,64.00 155.33,64.00
             155.33,64.00 148.50,67.62 148.50,67.62
             148.50,67.62 143.50,70.19 143.50,70.19
             143.50,70.19 139.25,74.27 139.25,74.94
             139.25,75.60 136.94,78.94 136.94,78.94
             136.94,78.94 128.00,79.33 128.00,79.33
             128.00,79.33 126.00,83.00 126.00,83.00
             126.00,83.00 130.00,86.50 130.00,86.50
             130.00,86.50 134.00,91.50 134.00,91.50
             134.00,91.50 138.50,95.00 138.50,95.00
             138.50,95.00 142.50,97.50 142.50,97.50
             142.50,97.50 145.50,101.00 145.50,101.00
             145.50,101.00 150.50,100.50 150.50,100.50
             150.50,100.50 155.00,102.00 155.00,102.00
             155.00,102.00 157.50,106.50 157.50,106.50
             157.50,106.50 161.00,112.00 160.50,112.00
             160.00,112.00 162.50,116.00 162.50,116.00
             162.50,116.00 168.00,117.50 168.00,117.50
             168.00,117.50 173.50,117.00 173.50,117.00
             173.50,117.00 178.00,115.50 178.00,115.50
             178.00,115.50 182.50,115.00 182.50,115.00
             182.50,115.00 187.50,114.00 187.50,114.50
             187.50,115.00 192.00,117.00 192.00,117.00
             192.00,117.00 195.50,120.50 195.50,120.50
             195.50,120.50 199.50,123.00 199.50,123.00
             199.50,123.00 203.50,125.50 203.50,125.50
             203.50,125.50 208.50,127.00 208.50,127.00
             208.50,127.00 213.50,127.50 213.50,127.50
             213.50,127.50 217.00,129.00 217.00,129.00
             217.00,129.00 222.50,131.00 222.50,131.00
             222.50,131.00 226.00,136.00 226.00,136.00
             226.00,136.00 229.00,138.50 229.00,138.50
             229.00,138.50 231.00,143.50 231.00,143.50
             231.00,143.50 231.50,150.50 231.50,150.50
             231.50,150.50 234.50,154.00 234.50,154.00
             234.50,154.00 238.00,155.50 238.00,155.50
             238.00,155.50 242.50,160.50 242.50,160.50
             242.50,160.50 248.50,163.50 248.50,163.50
             248.50,163.50 254.50,166.00 254.50,166.00
             254.50,166.00 259.00,168.50 259.00,168.50
             259.00,168.50 263.00,168.50 263.00,168.50
             263.00,168.50 267.50,172.50 267.50,172.50
             267.50,172.50 271.00,177.00 271.00,177.00
             271.00,177.00 273.50,180.00 273.50,180.00
             273.50,180.00 276.00,185.00 276.00,185.00
             276.00,185.00 278.50,187.50 278.50,187.50
             278.50,187.50 280.00,191.00 280.00,191.00
             280.00,191.00 280.00,197.50 280.00,197.50
             280.00,197.50 277.00,200.50 277.00,200.50
             277.00,200.50 277.00,205.00 277.00,205.00
             277.00,205.00 278.50,209.00 278.50,209.00
             278.50,209.00 280.50,213.50 280.50,213.50
             280.50,213.50 277.50,216.00 277.50,216.00
             277.50,216.00 273.50,218.50 273.50,218.50
             273.50,218.50 270.50,215.50 270.50,215.50
             270.50,215.50 265.00,216.50 265.00,216.50
             265.00,216.50 261.50,219.00 261.50,219.00
             261.50,219.00 258.00,223.00 258.00,223.00
             258.00,223.00 256.50,228.00 256.50,228.00
             256.50,228.00 257.50,232.00 258.00,232.50
             258.50,233.00 257.50,237.00 257.50,237.00
             257.50,237.00 255.50,239.50 255.50,239.50
             255.50,239.50 255.50,244.00 255.50,244.00
             255.50,244.00 257.00,248.00 257.00,248.00
             257.00,248.00 256.50,251.50 256.50,251.50
             256.50,251.50 252.75,252.75 252.75,252.75
             252.75,252.75 249.00,255.25 249.00,255.25
             249.00,255.25 246.25,257.00 246.25,257.00
             246.25,257.00 245.75,259.50 245.75,259.75
             245.75,260.00 245.75,263.00 245.75,263.00
             245.75,263.00 245.25,266.00 245.25,266.00
             245.25,266.00 243.75,268.00 243.75,268.00
             243.75,268.00 241.50,266.50 241.50,266.50
             241.50,266.50 239.75,263.75 239.75,263.75
             239.75,263.75 232.25,257.00 232.25,257.25
             232.25,257.50 224.50,256.50 224.50,256.50
             224.50,256.50 222.00,255.00 222.00,255.00
             222.00,255.00 213.50,255.00 213.50,255.00
             213.50,255.00 209.50,257.75 209.50,257.75
             209.50,257.75 206.91,257.09 206.91,257.09
             206.91,257.09 200.00,255.45 200.00,255.45
             200.00,255.45 198.00,257.82 198.00,257.82
             198.00,257.82 193.45,258.73 193.45,258.73
             193.45,258.73 189.82,257.27 189.82,257.27
             189.82,257.27 186.55,256.55 186.55,256.55
             186.55,256.55 183.82,256.00 183.82,256.00
             183.82,256.00 174.73,248.91 174.73,248.91
             174.73,248.91 174.73,240.00 174.73,240.00
             174.73,240.00 169.45,235.64 169.45,235.64
             169.45,235.64 169.82,241.64 169.82,241.64
             169.82,241.64 170.36,245.45 170.36,245.45
             170.36,245.45 171.45,257.82 171.45,257.82
             171.45,257.82 173.64,262.18 173.64,262.18
             173.64,262.18 173.82,268.55 173.82,268.55
             173.82,268.55 173.64,273.45 173.64,273.45
             173.64,273.45 180.00,276.55 180.00,276.73
             180.00,276.91 189.27,285.27 189.27,285.45
             189.27,285.64 186.36,287.64 186.36,287.64
             186.36,287.64 186.00,293.09 186.00,293.09
             186.00,293.09 187.45,297.45 187.45,297.64
             187.45,297.82 179.27,300.18 179.27,300.18
             179.27,300.18 173.45,303.82 173.45,303.82
             173.45,303.82 169.09,300.55 169.09,300.55
             169.09,300.55 166.55,301.45 166.55,301.45
             166.55,301.45 164.73,303.09 164.73,303.09
             164.73,303.09 159.64,303.64 159.64,303.64
             159.64,303.64 158.36,306.73 158.36,306.73
             158.36,306.73 158.36,311.09 158.36,311.09
             158.36,311.09 165.09,313.45 165.09,313.45
             165.09,313.45 176.18,315.64 176.18,315.64
             176.18,315.64 183.45,327.09 183.45,327.09
             183.45,327.09 186.73,326.55 186.73,326.55
             186.73,326.55 186.36,330.55 186.36,330.55
             186.36,330.55 185.09,335.64 185.09,335.64
             185.09,335.64 183.27,342.36 183.27,342.36
             183.27,342.36 182.91,346.55 182.73,346.55
             182.55,346.55 177.82,354.00 177.82,354.00
             177.82,354.00 174.18,354.00 174.18,354.00
             174.18,354.00 165.45,351.64 165.45,351.64
             165.45,351.64 165.09,345.82 165.09,345.82
             165.09,345.82 141.64,330.91 141.64,330.91
             141.64,330.91 131.45,330.73 131.45,330.73
             131.45,330.73 128.55,327.45 128.55,327.45
             128.55,327.45 125.09,326.55 125.09,326.55
             125.09,326.55 123.82,328.73 123.82,328.73
             123.82,328.73 117.82,330.00 117.82,330.00
             117.82,330.00 115.64,327.82 115.64,327.82
             115.64,327.82 112.00,327.45 112.00,327.45
             112.00,327.45 108.91,325.45 108.91,325.45
             108.91,325.45 105.45,324.55 105.45,324.55
             105.45,324.55 95.27,324.00 95.27,324.00
             95.27,324.00 92.00,322.36 91.82,322.36
             91.64,322.36 83.27,317.64 83.27,317.64
             83.27,317.64 76.18,316.91 76.18,316.91
             76.18,316.91 75.82,312.36 75.82,312.36
             75.82,312.36 70.18,304.91 70.18,304.91
             70.18,304.91 47.09,273.45 47.09,273.45
             47.09,273.45 44.55,264.73 44.55,264.73
             44.55,264.73 35.82,246.91 36.00,246.91
             36.18,246.91 35.45,239.45 35.45,239.45
             35.45,239.45 33.64,238.00 33.64,238.00
             33.64,238.00 33.64,226.55 33.64,226.55
             33.64,226.55 36.73,222.91 36.73,222.91
             36.73,222.91 36.00,219.45 36.00,219.45
             36.00,219.45 28.55,213.45 28.55,213.45
             28.55,213.45 28.91,208.73 28.91,208.73
             28.91,208.73 33.82,208.00 33.82,208.00
             33.82,208.00 38.18,200.18 38.18,200.18
             38.18,200.18 44.73,199.45 44.73,199.45
             44.73,199.45 45.82,192.73 45.82,192.73
             45.82,192.73 50.00,191.45 50.00,191.45
             50.00,191.45 48.91,186.00 48.91,186.00
             48.91,186.00 44.18,181.27 44.18,181.27
             44.18,181.27 44.55,175.27 44.55,175.27
             44.55,175.27 50.00,170.69 50.00,170.69
             50.00,170.69 57.62,170.81 57.62,170.81
             57.62,170.81 74.12,158.81 74.12,158.81
             74.12,158.81 82.88,153.00 82.88,153.00
             82.88,153.00 82.91,148.36 82.91,148.36
             82.91,148.36 80.18,146.73 80.18,146.73
             80.18,146.73 77.45,147.45 77.45,147.45
             77.45,147.45 75.45,150.00 75.45,150.00
             75.45,150.00 72.91,151.64 72.91,151.82
             72.91,152.00 69.27,153.82 69.27,153.82
             69.27,153.82 68.73,150.00 68.73,150.00
             68.73,150.00 70.00,144.73 70.18,144.73
             70.36,144.73 76.36,139.09 76.36,139.09
             76.36,139.09 76.73,132.36 76.73,132.18
             76.73,132.00 74.55,128.18 74.55,128.18
             74.55,128.18 75.09,121.27 75.09,121.27
             75.09,121.27 77.09,118.73 77.09,118.73
             77.09,118.73 72.55,112.36 72.55,112.36
             72.55,112.36 70.36,108.36 70.36,108.36
             70.36,108.36 65.82,106.91 65.82,106.91
             65.82,106.91 62.00,105.82 62.00,105.82
             62.00,105.82 59.09,106.36 59.09,106.36
             59.09,106.36 56.00,108.55 56.00,108.55
             56.00,108.55 53.09,108.73 53.09,108.73
             53.09,108.73 49.09,105.82 49.09,105.82
             49.09,105.82 45.09,102.73 45.09,102.73
             45.09,102.73 48.55,98.55 48.55,98.55
             48.55,98.55 41.64,97.64 41.64,97.64
             41.64,97.64 36.18,97.09 36.18,97.09
             36.18,97.09 32.00,94.18 32.00,94.18
             32.00,94.18 26.18,90.91 26.18,90.91
             26.18,90.91 23.45,90.00 23.45,90.00
             23.45,90.00 20.00,90.00 20.00,90.00
             20.00,90.00 16.50,89.00 16.50,89.00
             16.50,89.00 13.50,87.50 13.50,87.50
             13.50,87.50 16.00,85.50 16.00,85.50
             16.00,85.50 20.00,83.00 20.00,83.00
             20.00,83.00 23.75,82.25 23.75,82.25
             23.75,82.25 27.00,81.50 27.00,81.50
             27.00,81.50 29.75,80.50 29.75,80.50
             29.75,80.50 30.25,78.31 30.25,78.31
             30.25,78.31 30.94,75.31 30.94,75.31
             30.94,75.31 40.12,74.81 40.12,74.81
             40.12,74.81 42.00,76.25 42.00,76.25
             42.00,76.25 42.38,77.69 42.38,77.69
             42.38,77.69 42.38,80.06 42.38,80.06
             42.38,80.06 43.50,81.69 43.56,82.12
             43.62,82.56 45.75,84.25 45.75,84.25
             45.75,84.25 47.56,84.31 47.56,84.31
             47.56,84.31 48.62,83.31 48.62,83.31
             48.62,83.31 48.31,79.56 48.31,79.44
             48.31,79.31 50.38,78.12 50.38,78.12
             50.38,78.12 52.94,77.50 52.94,77.50
             52.94,77.50 55.44,77.50 55.44,77.50
             55.44,77.50 58.62,77.50 58.62,77.50
             58.62,77.50 60.31,77.75 60.44,77.75
             60.56,77.75 62.50,78.06 62.50,78.06
             62.50,78.06 63.25,80.19 63.25,80.25
             63.25,80.31 65.06,81.25 65.06,81.25
             65.06,81.25 66.06,80.25 66.06,80.25
             66.06,80.25 66.31,76.88 66.31,76.88
             66.31,76.88 67.06,73.25 67.06,73.19
             67.06,73.12 69.50,72.19 69.50,72.19
             69.50,72.19 70.38,70.31 70.38,70.31
             70.38,70.31 68.69,67.94 68.62,67.94
             68.56,67.94 65.31,64.75 65.31,64.50
             65.31,64.25 61.31,61.69 61.31,61.69
             61.31,61.69 57.75,58.06 57.75,58.06
             57.75,58.06 63.69,51.81 63.69,51.81
             63.69,51.81 65.94,52.88 65.94,52.94
             65.94,53.00 66.81,54.38 66.81,54.38
             66.81,54.38 67.94,55.94 67.94,55.94
             67.94,55.94 71.31,56.19 71.38,56.19
             71.44,56.19 73.75,55.88 73.75,55.88
             73.75,55.88 75.19,54.44 75.19,54.44
             75.19,54.44 75.94,53.00 75.94,52.94
             75.94,52.88 75.06,50.25 75.06,50.25
             75.06,50.25 74.25,47.81 74.25,47.81
             74.25,47.81 71.06,46.88 71.06,46.88
             71.06,46.88 68.50,45.19 68.50,45.19
             68.50,45.19 68.75,43.06 68.75,43.06
             68.75,43.06 86.81,11.38 86.81,11.38
             86.81,11.38 98.19,11.75 98.19,11.75
             98.19,11.75 108.44,22.56 108.44,22.56
             108.44,22.56 132.25,32.38 132.25,32.38
             132.25,32.38 146.38,31.62 146.38,31.75
             146.38,31.88 156.00,36.25 156.00,36.25
             156.00,36.25 166.44,40.00 166.44,40.06
             166.44,40.12 173.00,43.56 173.00,43.56" />
</svg>
